50 70
1 53
1 55
1 3
1 4
1 5
1 7
1 10
1 12
1 13
1 14
1 15
1 18
1 19
1 23
1 24
1 30
1 31
1 37
1 38
1 39
1 40
1 41
1 43
1 44
1 45
1 46
1 54
2 4
2 7
2 10
2 12
2 18
2 20
2 22
2 24
2 29
2 32
2 40
2 43
2 54
2 55
2 56
2 57
2 58
2 59
2 60
2 61
2 62
2 63
2 64
2 65
2 66
2 67
2 68
2 69
3 4
3 7
3 8
3 9
3 10
3 12
3 13
3 14
3 15
3 18
3 21
3 24
3 28
3 29
3 30
3 31
3 32
3 33
3 39
3 43
3 44
3 45
3 46
3 54
3 69
4 4
4 7
4 10
4 12
4 18
4 24
4 27
4 34
4 38
4 43
4 54
4 58
4 69
5 4
5 7
5 10
5 12
5 13
5 14
5 15
5 18
5 24
5 26
5 35
5 37
5 38
5 39
5 40
5 41
5 43
5 44
5 45
5 46
5 54
5 60
5 63
5 67
5 69
6 54
6 58
6 69
7 16
7 44
7 45
7 47
7 54
7 69
8 45
8 47
8 54
8 66
8 67
8 68
9 30
9 45
9 47
9 54
9 65
10 45
10 47
10 54
10 58
10 66
10 67
10 68
10 69
11 39
11 45
11 47
11 54
11 65
12 45
12 47
12 54
13 23
13 45
13 47
13 54
13 65
14 48
14 54
14 58
14 66
15 6
15 49
15 54
15 63
15 67
16 14
16 36
16 40
16 41
16 42
16 43
16 44
16 45
16 46
16 47
16 48
16 49
16 54
16 60
16 67
17 29
17 40
17 49
17 50
17 51
17 52
17 53
17 54
17 57
17 67
17 68
17 69
17 70
18 40
18 54
18 63
19 22
19 40
19 54
19 59
19 65
20 40
20 47
20 48
20 54
20 62
20 64
21 16
21 48
21 54
21 57
21 60
21 67
21 69
21 70
22 23
22 40
22 48
22 54
23 11
23 40
23 48
23 54
23 62
23 65
24 36
24 40
24 41
24 42
24 43
24 44
24 54
24 69
25 3
25 7
25 15
25 33
25 39
25 44
25 54
25 59
25 60
25 64
25 68
26 4
26 6
26 15
26 38
26 45
26 54
26 63
26 68
27 5
27 15
27 37
27 46
27 54
27 67
28 5
28 8
28 9
28 10
28 11
28 15
28 36
28 47
28 48
28 49
28 50
28 51
28 52
28 53
28 54
28 55
28 56
28 64
28 65
28 66
29 5
29 8
29 11
29 15
29 16
29 17
29 18
29 35
29 38
29 48
29 56
29 63
30 5
30 8
30 11
30 15
30 18
30 24
30 35
30 48
30 53
30 56
30 60
30 62
31 5
31 8
31 9
31 10
31 11
31 12
31 13
31 15
31 18
31 34
31 48
31 53
31 56
31 62
32 34
32 48
32 53
32 56
32 62
32 64
32 65
32 66
32 67
32 68
32 69
32 70
33 30
33 48
33 53
33 57
33 61
33 64
34 12
34 15
34 16
34 17
34 20
34 34
34 38
34 48
34 53
34 57
34 60
34 63
34 64
35 11
35 12
35 13
35 15
35 16
35 17
35 34
35 48
35 49
35 51
35 52
35 53
35 54
35 55
35 58
35 59
35 62
35 70
36 12
36 34
36 48
36 56
36 61
37 35
37 36
37 37
37 48
37 57
37 60
38 38
38 48
38 54
38 58
38 59
39 16
39 20
39 24
39 33
39 39
39 48
39 52
39 68
40 40
40 41
40 42
40 43
40 48
40 58
40 59
40 60
40 63
40 65
40 67
40 70
41 44
41 48
41 49
41 50
41 58
42 8
42 15
42 45
42 47
42 51
42 52
42 58
42 61
42 66
42 69
43 25
43 31
43 46
43 47
43 53
43 58
43 63
44 25
44 29
44 30
44 39
44 47
44 54
44 55
44 58
44 60
44 62
44 65
45 24
45 27
45 28
45 45
45 46
45 55
45 56
45 57
46 21
46 22
46 26
46 45
46 61
47 21
47 24
47 25
47 32
47 45
47 55
47 56
47 57
47 58
47 59
47 60
47 61
47 62
47 63
47 64
47 65
47 66
47 67
47 68
47 69
48 5
48 12
48 21
48 23
48 46
48 54
48 69
49 21
49 23
49 24
49 25
49 26
49 27
49 28
49 29
49 30
49 31
49 32
49 33
49 34
49 35
49 36
49 37
49 38
49 39
49 40
49 41
49 42
49 43
49 44
49 45
49 46
49 47
49 49
49 50
49 51
49 52
49 53
49 62
49 69
50 21
50 67
50 68
50 69
