20 20
10 1
10 10
2 2
2 3
2 4
2 6
2 7
2 10
2 11
2 14
2 16
2 17
2 18
2 19
3 3
3 6
3 7
3 10
3 11
3 13
3 19
4 1
4 5
4 6
4 7
4 8
4 12
4 15
4 17
4 19
5 1
5 2
5 6
5 7
5 8
5 11
5 15
5 17
5 19
6 1
6 2
6 3
6 6
6 7
6 10
6 11
6 15
6 16
6 17
6 19
7 2
7 3
7 4
7 9
7 12
7 13
7 14
7 15
7 16
7 17
7 19
8 3
8 4
8 5
8 6
8 7
8 8
8 19
9 10
9 11
9 12
9 13
9 14
9 15
9 16
9 17
9 18
9 19
10 2
10 3
10 4
10 5
10 6
10 7
10 8
10 9
11 2
11 10
11 11
11 12
11 13
11 14
11 15
11 17
11 18
11 19
11 20
12 2
12 5
12 6
12 7
12 8
13 3
13 6
13 7
13 8
13 9
13 10
13 11
13 12
13 13
13 14
13 15
13 16
13 17
13 18
13 19
13 20
14 4
14 7
14 8
14 9
14 10
14 11
14 14
15 2
15 5
15 8
15 9
15 10
15 11
15 14
15 15
15 18
15 19
16 2
16 3
16 6
16 9
16 10
16 11
16 13
16 19
17 2
17 3
17 4
17 7
17 10
17 11
17 13
17 14
17 17
18 2
18 3
18 4
18 5
18 8
18 18
19 2
19 3
19 4
19 5
19 6
19 9
19 10
19 11
19 12
19 13
19 14
19 15
19 16
19 17
19 18
19 19