30 30
1 21
2 12
1 11
1 12
1 13
1 14
1 20
2 2
2 3
2 4
2 13
2 14
2 20
3 2
3 3
3 4
3 5
3 6
3 7
3 8
3 9
3 10
3 11
3 12
3 13
3 14
3 20
3 21
3 22
3 23
3 24
3 25
3 26
3 27
3 28
3 29
4 2
4 3
4 4
4 6
4 9
4 10
4 11
4 12
4 13
4 14
4 20
4 29
5 2
5 3
5 4
5 6
5 14
5 20
5 27
6 2
6 3
6 4
6 6
6 8
6 10
6 11
6 12
6 14
6 27
6 29
6 30
7 6
7 12
7 14
7 20
7 22
7 27
8 1
8 3
8 4
8 5
8 6
8 9
8 10
8 12
8 14
8 20
8 22
8 27
8 28
8 29
9 7
9 10
9 12
9 14
9 15
9 16
9 17
9 18
9 19
9 20
9 22
9 26
10 2
10 6
10 8
10 12
10 22
10 27
11 3
11 5
11 8
11 9
11 12
11 13
11 14
11 15
11 16
11 17
11 18
11 19
11 20
11 21
11 22
11 23
11 24
11 25
11 27
11 29
12 4
12 7
12 9
12 19
12 22
12 24
12 27
12 29
12 30
13 2
13 3
13 6
13 9
13 12
13 13
13 14
13 15
13 19
13 24
13 27
13 29
13 30
14 9
14 12
14 13
14 14
14 19
14 21
14 24
14 26
14 30
15 4
15 10
15 16
15 19
15 22
15 24
15 26
15 28
15 29
15 30
16 3
16 6
16 8
16 11
16 15
16 17
16 21
16 24
16 26
16 28
16 29
16 30
17 2
17 5
17 8
17 12
17 13
17 14
17 18
17 21
17 23
17 24
17 26
17 28
17 29
17 30
18 1
18 7
18 10
18 12
18 18
18 20
18 23
18 26
19 1
19 2
19 3
19 4
19 5
19 6
19 9
19 10
19 12
19 15
19 16
19 21
19 25
19 26
19 28
20 13
20 18
20 22
20 23
20 24
20 26
20 28
20 29
20 30
21 4
21 7
21 8
21 9
21 11
21 14
21 16
21 17
21 26
21 29
21 30
22 1
22 2
22 3
22 10
22 11
22 14
22 16
22 20
22 21
22 23
22 24
22 26
23 1
23 2
23 3
23 7
23 9
23 10
23 14
23 18
23 20
23 21
23 23
23 24
23 26
23 28
23 29
24 14
24 20
24 21
24 26
24 28
24 29
25 2
25 3
25 8
25 10
25 11
25 12
25 13
25 16
25 17
25 22
25 26
25 27
25 28
25 29
26 4
26 6
26 9
26 12
26 15
26 18
26 19
26 20
26 26
26 28
26 29
27 1
27 2
27 4
27 5
27 8
27 14
27 21
27 22
27 23
27 24
27 25
27 26
27 28
27 29
28 1
28 2
28 6
28 8
28 13
28 17
28 19
28 21
28 28
28 29
29 1
29 2
29 4
29 7
29 10
29 11
29 12
29 15
29 16
29 17
29 19
29 23
29 25
29 26
29 28
29 29
30 1
30 2
30 15
30 16
30 17
30 26