20 20
1 1
19 20
2 1
2 2
10 2
11 2
12 2
13 2
2 3
10 3
13 3
2 4
10 4
13 4
14 4
15 4
16 4
17 4
18 4
2 5
10 5
2 6
10 6
18 6
19 6
2 7
10 7
19 7
2 8
3 8
4 8
5 8
6 8
7 8
8 8
10 8
19 8
8 9
10 9
19 9
8 10
10 10
11 10
12 10
13 10
19 10
8 11
13 11
19 11
8 12
13 12
8 13
11 13
12 13
13 13
15 13
16 13
17 13
18 13
19 13
20 13
8 14
11 14
15 14
8 15
11 15
15 15
17 15
18 15
19 15
8 16
11 16
19 16
8 17
11 17
15 17
19 17
8 18
9 18
11 18
15 18
19 18
9 19
11 19
15 19
16 19
17 19
11 20