50 20
1 1
50 19
1 2
1 6
1 8
2 2
2 4
2 8
3 2
3 4
3 6
3 8
4 4
4 6
4 8
5 1
5 2
5 6
5 8
5 11
5 12
5 13
5 14
5 15
5 16
5 17
5 18
6 4
6 8
6 11
6 12
6 13
6 14
6 15
6 16
6 17
6 18
7 3
7 5
7 8
7 11
7 12
7 13
7 14
7 15
7 16
7 17
7 18
8 8
8 11
8 12
8 13
8 14
8 15
8 16
8 17
8 18
9 6
9 8
9 11
9 12
9 13
9 14
9 15
9 16
9 17
9 18
10 8
11 3
11 5
11 8
12 1
12 2
12 6
12 8
13 1
13 6
14 6
15 2
15 3
15 4
15 5
15 6
15 7
15 8
15 9
15 10
15 11
15 12
15 13
15 14
15 15
15 16
15 17
15 18
15 19
15 20
17 1
17 2
17 3
17 4
17 5
17 6
17 7
17 8
17 9
17 10
17 11
17 12
17 13
17 14
17 15
17 16
17 17
17 18
17 19
25 2
25 6
25 9
25 10
25 11
25 12
25 13
25 16
25 17
25 18
25 19
26 2
26 6
26 11
26 16
27 2
27 6
27 11
27 16
28 2
28 6
28 11
28 16
29 2
29 6
29 11
29 16
30 2
30 6
30 11
30 16
31 2
31 6
31 11
31 16
32 2
32 6
32 11
32 16
33 2
33 6
33 11
33 16
34 2
34 6
34 11
34 16
35 2
35 6
35 11
35 16
36 2
36 6
36 8
36 9
36 11
36 13
36 14
36 16
37 2
37 6
37 11
37 16
38 2
38 6
38 11
38 16
39 2
39 6
39 11
39 16
40 2
40 6
40 11
40 16
41 2
41 6
41 11
41 16
42 2
42 6
42 11
42 16
43 2
43 6
43 11
43 16
44 2
44 6
44 11
44 16
45 2
45 6
45 11
45 16
46 2
46 6
46 11
46 16
47 2
47 6
47 11
47 16
48 2
48 3
48 4
48 5
48 6
48 9
48 10
48 11
48 12
48 13
48 16
48 17
48 18
48 19