60 60
1 1
20 59
1 2
1 16
1 48
2 2
2 4
2 5
2 6
2 7
2 8
2 9
2 10
2 11
2 12
2 13
2 14
2 16
3 2
3 4
3 16
3 31
4 2
4 4
4 16
5 2
5 4
5 16
5 37
5 42
5 45
6 2
6 4
6 16
6 48
6 49
7 2
7 4
7 14
7 16
7 23
7 47
8 2
8 4
8 16
8 48
9 2
9 4
9 16
9 28
9 40
10 2
10 4
10 9
10 16
10 49
11 2
11 4
11 15
11 16
12 2
12 4
12 16
12 37
13 2
13 4
13 16
13 41
13 53
14 2
14 4
14 16
14 18
14 26
14 30
14 34
15 2
15 4
15 16
15 22
15 24
16 2
16 4
16 16
16 33
16 44
17 2
17 4
17 16
18 2
18 4
18 16
18 33
18 38
18 40
19 2
19 4
19 16
19 58
19 59
19 60
20 2
20 4
20 7
20 16
20 42
20 47
20 58
21 2
21 4
21 17
21 21
21 25
21 58
21 59
22 2
22 4
22 18
22 28
22 33
22 59
23 2
23 4
23 19
23 59
24 2
24 4
24 20
24 37
24 59
25 2
25 4
25 21
25 25
25 42
25 57
25 58
25 59
26 2
26 4
26 16
26 22
26 36
26 57
27 2
27 5
27 23
27 32
27 39
27 57
28 2
28 6
28 23
28 33
28 57
28 58
28 59
29 2
29 7
29 24
29 59
30 2
30 8
30 25
30 37
30 59
31 2
31 9
31 26
31 59
32 2
32 10
32 26
32 29
32 31
32 34
32 59
33 2
33 11
33 27
33 59
34 2
34 12
34 13
34 28
34 29
34 30
34 31
34 59
35 2
35 12
35 13
35 14
35 32
35 59
36 2
36 14
36 33
36 36
36 59
37 2
37 15
37 33
37 48
37 59
38 2
38 16
38 33
38 43
38 44
38 45
38 46
38 47
38 59
39 2
39 16
39 33
39 43
39 59
40 2
40 16
40 33
40 43
40 59
41 2
41 16
41 34
41 37
41 38
41 39
41 40
41 41
41 42
41 43
41 59
42 2
42 16
42 34
42 37
42 59
43 2
43 16
43 35
43 37
43 47
43 59
44 2
44 16
44 35
44 37
44 59
45 2
45 15
45 32
45 37
45 59
46 2
46 14
46 35
46 43
46 59
47 2
47 13
47 36
47 57
47 59
48 2
48 12
48 33
48 57
48 59
49 2
49 11
49 26
49 37
49 54
49 55
49 56
49 57
49 59
50 2
50 10
50 27
50 28
50 59
51 2
51 9
51 28
51 42
51 52
51 53
51 54
51 55
51 57
51 58
51 59
52 2
52 8
52 28
52 34
52 37
52 52
52 59
53 2
53 7
53 28
53 34
53 52
53 59
54 2
54 6
54 27
54 34
54 52
54 59
55 2
55 5
55 26
55 34
55 52
55 59
56 2
56 4
56 21
56 23
56 25
56 34
56 52
56 59
57 19
57 34
57 52
57 59
58 34
58 52
58 54
58 55
58 57
58 58
58 59
59 17
59 21
59 22
59 24
59 26
59 28
59 30
59 31
59 32
59 33
59 34
59 52
59 53
59 54