20 20
1 1
39 10
2 1
10 1
18 1
23 1
2 2
7 2
8 2
10 2
18 2
22 2
27 2
31 2
2 3
6 3
10 3
12 3
13 3
14 3
15 3
16 3
18 3
21 3
24 3
29 3
2 4
5 4
10 4
12 4
18 4
21 4
25 4
31 4
2 5
4 5
10 5
11 5
12 5
18 5
28 5
38 5
39 5
2 6
5 6
18 6
21 6
25 6
30 6
35 6
36 6
37 6
39 6
2 7
6 7
18 7
22 7
28 7
34 7
2 8
7 8
16 8
18 8
21 8
25 8
26 8
33 8
2 9
8 9
13 9
14 9
18 9
20 9
22 9
30 9
33 9
38 9
39 9
40 9
2 10
9 10
13 10
14 10
16 10
18 10
24 10
28 10
33 10
38 10
2 11
10 11
16 11
18 11
30 11
31 11
33 11
38 11
39 11
2 12
11 12
16 12
18 12
21 12
25 12
29 12
34 12
2 13
12 13
16 13
18 13
23 13
34 13
35 13
40 13
2 14
11 14
16 14
17 14
18 14
29 14
2 15
10 15
28 15
31 15
33 15
35 15
2 16
9 16
13 16
14 16
15 16
16 16
17 16
18 16
19 16
33 16
35 16
39 16
2 17
8 17
13 17
14 17
15 17
16 17
17 17
18 17
19 17
22 17
25 17
2 18
7 18
23 18
30 18
35 18
2 19
6 19
24 19
26 19
34 19
35 19
36 19
38 19
39 19
40 19
2 20
5 20
13 20
14 20
15 20
16 20
17 20
18 20
19 20
25 20
27 20
34 20
35 20
36 20
38 20
39 20
40 20
2 21
4 21
13 21
14 21
15 21
16 21
17 21
18 21
19 21
22 21
23 21
25 21
34 21
35 21
36 21
38 21
39 21
40 21
20 22
1 23
2 23
3 23
4 23
12 23
13 23
14 23
15 23
16 23
17 23
18 23
19 23
20 23